,Range,PDF,CDF
0,0.0,0.3426,0.3426
1,50.0,0.0003,0.3429
2,100.0,0.007,0.3499
3,150.0,0.0663,0.4162
4,200.0,0.1456,0.5618
5,250.0,0.1516,0.7134
6,300.0,0.126,0.8394
7,350.0,0.099,0.9384
8,400.0,0.0518,0.9902
9,450.0,0.0093,0.9995
10,500.0,0.0005,1.0
11,550.0,0.0,1.0
12,600.0,0.0,1.0
13,650.0,0.0,1.0
14,700.0,0.0,1.0
15,750.0,0.0,1.0
16,800.0,0.0,1.0
17,850.0,0.0,1.0
18,900.0,0.0,1.0
19,950.0,0.0,1.0
